           73
    287915.3        274003.5    
    283367.4        279877.3    
    277969.2        284979.7    
    271854.6        289198.3    
    265162.8        292445.8    
    258058.3        294628.0    
    250708.1        295686.1    
    243281.3        295609.3    
    235955.7        294395.2    
    228897.2        292066.9    
    222277.7        288684.1    
    216256.3        284331.3    
    210974.7        279105.8    
    206559.4        273130.0    
    203112.6        266546.2    
    200714.6        259510.5    
    199426.1        252197.0    
    199276.5        244770.4    
    200261.3        237409.0    
    202370.4        230285.9    
    205548.6        223563.6    
    209705.3        217408.3    
    214753.2        211959.9    
    220578.8        207350.5    
    227043.1        203698.0    
    233992.0        201083.9    
    241255.8        199563.4    
    248663.5        199173.7    
    256043.3        199918.2    
    263223.9        201784.1    
    270038.8        204732.9    
    276322.8        208690.5    
    281927.9        213561.6    
    286723.6        219232.2    
    290592.3        225569.5    
    293440.4        232423.5    
    295205.4        239632.2    
    295847.2        247022.8    
    295351.3        254423.9    
    293728.7        261665.8    
    291018.3        268574.8    
    287271.8        274985.3    
    282579.6        280746.0    
    277064.8        285720.8    
    270854.6        289792.9    
    264092.4        292873.3    
    256944.7        294879.9    
    249573.3        295763.8    
    242152.2        295513.8    
    234855.6        294124.4    
    227852.0        291631.3    
    221317.3        288096.0    
    215405.0        283594.4    
    210257.2        278235.9    
    205990.3        272152.0    
    202695.0        265483.3    
    200462.3        258392.6    
    199351.1        251049.0    
    199376.3        243620.5    
    200538.5        236284.9    
    202819.0        229209.3    
    206158.5        222564.3    
    210469.3        216510.9    
    215657.3        211190.5    
    221603.0        206732.3    
    228163.9        203242.1    
    235185.8        200797.1    
    242492.8        199459.5    
    249919.4        199262.5    
    257288.1        200200.2    
    264423.6        202261.6    
    271165.3        205394.8    
    277346.8        209513.0    
