 1  1  200
    2.824632E-04        4.279869
        7.556742      140.195400
       12.163560      -29.715720
        6.471310       38.602130
        3.303742       21.031660
        1.125279      118.258300
        7.316438      126.375200
        7.438193      117.065400
       11.015990      -50.224930
        9.125751       77.789570
        3.733459      -34.488560
       11.303300      -62.652440
       11.328900      -46.419400
        2.069822      130.704300
       11.395630      -77.402740
       11.765060      -51.094470
        3.876141      -41.280580
        4.969065      -57.234680
        8.659916       96.457380
        7.444333       96.407580
        7.658930      119.716800
        7.534081      137.173000
        6.187391       29.077520
    9.005207E-01       87.958000
        2.809911       71.581640
        1.055152       96.064690
        7.749562      128.412400
        9.290368       29.107130
        5.514612      -48.911790
       11.421320      -41.457790
        7.251449       90.586420
        8.777790       77.020990
        5.727472      -48.944000
        1.618498      108.612400
        5.551481      -64.948850
        6.335437       28.593560
        7.276052      117.465200
        1.173831       95.559030
       10.463940      -66.708930
        2.398435       75.931580
       12.045320   -2.386555E-01
        1.427078      142.501000
        7.819355      133.572700
        7.716243      128.438200
        1.896288      107.500100
       10.039660      -28.034060
       11.267540      -82.738470
        2.487494       74.368480
        4.980860      -91.621250
        8.143971      127.452500
        1.571893      107.563600
        1.116529      137.301400
        6.793763       50.998320
        6.911090       95.499480
        6.088907        3.969029
    9.117235E-02       20.231590
        2.590922       80.900090
        1.445232      129.441200
        2.137986      119.241500
        3.066564       40.730130
    5.196577E-01       58.340920
        4.597309      -61.763830
        4.943302      -56.099940
        7.080828      109.226000
        8.703333       81.999500
       10.410350      -56.731360
        9.806813      -29.903270
        7.355483      127.461500
       11.968510      -10.661260
        9.847333       -1.290148
        7.188670       79.142850
        1.921606      119.412100
        9.566570    6.479150E-01
        7.557957      123.646300
       10.645160      -68.714390
       11.453420      -74.199710
        9.971037       -2.820481
    7.997150E-01      119.938500
        2.792383       56.643690
        7.713045      114.184200
       11.528850      -83.304100
        2.965853       57.579600
        5.483262      -22.539670
        7.713239      101.564300
       10.575840      -79.329670
        6.939822       66.280590
       11.926500      -32.969600
        2.246497      104.097300
       10.495430      -71.252180
        5.530468      -52.480580
        8.887815      100.045800
        2.552697       92.298650
        4.549201      -50.990590
    4.298126E-01       44.143460
       11.053890      -71.203110
       12.337430      -19.652410
    8.624140E-01      116.523000
        1.497135      148.688100
        3.861488      -54.639300
       10.260890      -53.885830
       10.831840      -67.710290
       12.356610       16.905550
        2.360623      116.196300
        8.375768       88.517650
        6.496934       62.741320
        9.237936       63.757820
        9.333026       17.961940
        4.018554      -48.540760
        2.191778       97.739880
        8.360501      107.172300
        3.161010       21.285960
        4.890289      -89.258330
        6.866710       67.971840
        9.652560        7.945693
       10.292340      -66.449980
        5.461175      -66.186960
        4.211743      -54.260060
       11.416580      -51.175960
        3.798731      -53.290540
        3.117017       26.028740
        3.778972      -46.722720
        3.249399       38.939130
        3.754356      -22.574970
       11.449920      -47.487340
        6.016433      -22.890910
        1.315482      106.347700
        8.878712       52.340290
        3.089674       27.172160
        6.181043        9.284193
    2.140240E-01       28.022230
        3.768036      -46.165190
        8.017408      121.737100
       10.599650      -57.344680
       11.835560      -56.404810
        2.249793       86.933430
       12.031110      -31.286820
        9.213527       28.091460
       10.041520      -22.055170
        2.687217       67.546070
       11.999860      -35.582800
        7.339396       87.065200
       12.114570        4.946444
        8.282624      103.082900
        5.099714      -59.878280
        9.243933       64.996130
        5.256155      -55.763760
       11.565000      -39.028310
        1.463384      116.000300
        4.498268      -82.514180
        5.962964        2.292188
        1.608156      122.419400
        6.913348       79.379260
        5.042172      -63.695990
        2.615438       87.446460
    2.910578E-01       31.063810
        4.748799      -66.131900
       12.057570      -47.803410
        5.432381      -48.447380
        3.625036    4.256040E-01
        7.385052      108.107500
        7.342649      111.824800
        4.052685      -45.229840
        2.114840      124.771700
        6.887181      101.477600
       11.401470      -55.519120
        9.370030       21.547740
       10.317310      -70.604710
        9.250778       29.171450
    6.357735E-01       69.976160
        9.256240       27.549300
        7.035746       97.259820
        2.102596      123.830400
        2.244224      117.680600
        5.351835      -73.570720
        2.474506       80.892700
       11.813990      -49.660140
        7.676599      113.657000
        7.413237      122.683400
        1.170904      133.244200
        5.979392        9.225187
       11.809610      -42.438190
        4.931427      -87.152690
        4.619145      -67.864260
        1.334342      129.195800
        7.064163      107.344700
        8.441797      117.233100
        4.866135      -78.850140
        9.156740       26.838260
    3.632245E-01       48.671610
        1.522356      143.077700
        4.524389      -66.027950
        2.834342       61.462860
        4.676675      -68.634510
        3.898028      -39.155030
       12.134090        6.430948
        2.274637      107.009400
    4.996893E-01       71.329280
        4.322629      -61.449210
        1.159277       99.591130
        1.873089      102.590400
