           1           1         200
   2.82463210E-04   3.08279419    
   7.55674219       113.515381    
   12.1635599      -24.8247070    
   6.47131014       35.4293137    
   3.30374193      -2.89332581    
   1.12527895       98.3041687    
   7.31643820       102.189560    
   7.43819284       108.472504    
   11.0159903      -62.3457260    
   9.12575054       48.9283447    
   3.73345900      -45.3240814    
   11.3032999      -56.1782913    
   11.3289003      -55.4815331    
   2.06982207       109.540161    
   11.3956299      -53.5686111    
   11.7650604      -40.9219398    
   3.87614107      -55.4125175    
   4.96906519      -70.0627060    
   8.65991592       97.0374298    
   7.44433308       108.760330    
   7.65892982       116.964844    
   7.53408098       112.636169    
   6.18739080       9.01274109    
  0.900520682       84.7378693    
   2.80991101       55.3639679    
   1.05515206       94.4703217    
   7.74956179       119.296143    
   9.29036808       28.3823624    
   5.51461220      -44.6887817    
   11.4213200      -52.7967644    
   7.25144911       98.4023285    
   8.77779007       87.0238647    
   5.72747183      -29.9074249    
   1.61849797       114.122147    
   5.55148077      -42.3090439    
   6.33543682       22.7369385    
   7.27605200       99.8703766    
   1.17383099       100.738373    
   10.4639397      -62.3113861    
   2.39843512       92.8358459    
   12.0453196      -29.7565041    
   1.42707801       110.388367    
   7.81935501       120.606720    
   7.71624279       118.520416    
   1.89628804       113.659851    
   10.0396605      -46.0134735    
   11.2675400      -57.1152191    
   2.48749399       86.2172699    
   4.98086023      -69.7188797    
   8.14397144       120.708176    
   1.57189298       113.506516    
   1.11652899       97.8461456    
   6.79376316       64.4826660    
   6.91108990       74.2241974    
   6.08890676       8.74404907E-02
   9.11723524E-02   12.3480911    
   2.59092212       77.4356995    
   1.44523203       110.877441    
   2.13798594       107.057938    
   3.06656408       25.4024200    
  0.519657671       54.1745148    
   4.59730911      -75.9270248    
   4.94330215      -70.7806244    
   7.08082819       87.1315613    
   8.70333290       93.5478210    
   10.4103498      -61.1824722    
   9.80681324      -28.8848076    
   7.35548306       104.322021    
   11.9685097      -32.9042702    
   9.84733295      -32.3154678    
   7.18867016       94.4719238    
   1.92160594       113.249954    
   9.56657028      -4.87836456    
   7.55795717       113.561386    
   10.6451597      -64.4717102    
   11.4534197      -51.8061676    
   9.97103691      -41.6141853    
  0.799714983       77.4990692    
   2.79238296       57.2811127    
   7.71304512       118.441025    
   11.5288496      -49.3709030    
   2.96585298       37.4732971    
   5.48326206      -46.6501808    
   7.71323919       118.445801    
   10.5758400      -63.9313889    
   6.93982220       76.5147705    
   11.9265003      -34.6017799    
   2.24649692       102.058273    
   10.4954300      -62.8653374    
   5.53046799      -43.6751289    
   8.88781548       76.2026825    
   2.55269694       80.8148956    
   4.54920101      -75.9510803    
  0.429812610       45.8629913    
   11.0538902      -61.7252998    
   12.3374300      -17.4617538    
  0.862414002       82.0809937    
   1.49713504       112.121689    
   3.86148810      -54.4761658    
   10.2608900      -56.7010040    
   10.8318396      -64.3668976    
   12.3566103      -16.6457825    
   2.36062288       95.3754730    
   8.37576771       114.027756    
   6.49693394       37.8127441    
   9.23793602       34.9703064    
   9.33302593       23.0379791    
   4.01855421      -63.3443871    
   2.19177794       104.742386    
   8.36050129       114.658340    
   3.16101003       13.9951859    
   4.89028883      -72.1155548    
   6.86671019       70.6097717    
   9.65256023      -14.1497650    
   10.2923403      -57.8155098    
   5.46117496      -47.9971428    
   4.21174288      -70.8554916    
   11.4165802      -52.9405594    
   3.79873109      -50.2076836    
   3.11701703       19.3040924    
   3.77897191      -48.7769775    
   3.24939895       3.44909668    
   3.75435591      -46.9366989    
   11.4499197      -51.9155884    
   6.01643276      -6.31899261    
   1.31548202       106.778168    
   8.87871170       77.1482086    
   3.08967400       22.6097336    
   6.18104315       8.43130493    
  0.214024007       24.7807770    
   3.76803589      -47.9673386    
   8.01740837       121.896530    
   10.5996504      -64.1549835    
   11.8355598      -38.2058868    
   2.24979305       101.885864    
   12.0311098      -30.3425064    
   9.21352673       38.0322571    
   10.0415201      -46.1252327    
   2.68721700       68.2659912    
   11.9998598      -31.6257896    
   7.33939600       103.456680    
   12.1145697      -26.8786087    
   8.28262424       117.446884    
   5.09971380      -65.7355652    
   9.24393272       34.2171021    
   5.25615501      -59.0761948    
   11.5649996      -48.1539879    
   1.46338403       111.338806    
   4.49826813      -75.7818832    
   5.96296406      -10.9377823    
   1.60815597       114.002075    
   6.91334820       74.4057465    
   5.04217196      -67.7816772    
   2.61543798       75.1886444    
  0.291057795       32.4513931    
   4.74879885      -74.7243805    
   12.0575705      -29.2496185    
   5.43238115      -49.7092247    
   3.62503600      -36.2244492    
   7.38505220       105.863892    
   7.34264898       103.633179    
   4.05268478      -64.9365692    
   2.11484003       107.957047    
   6.88718081       72.2880859    
   11.4014702      -53.3948898    
   9.37003040       18.4347229    
   10.3173103      -58.6335373    
   9.25077820       33.3569565    
  0.635773480       64.3673553    
   9.25623989       32.6706161    
   7.03574610       83.8560181    
   2.10259604       108.409119    
   2.24422407       102.176422    
   5.35183477      -54.2304649    
   2.47450590       87.2377014    
   11.8139896      -39.0447540    
   7.67659903       117.473846    
   7.41323709       107.273605    
   1.17090404       100.596741    
   5.97939205      -9.52942657    
   11.8096104      -39.2141800    
   4.93142700      -71.0962601    
   4.61914492      -75.8582306    
   1.33434200       107.460464    
   7.06416321       85.9343872    
   8.44179726       110.976517    
   4.86613512      -72.6598740    
   9.15674019       45.1098633    
  0.363224506       39.5027618    
   1.52235603       112.643097    
   4.52438879      -75.8938675    
   2.83434200       52.6552887    
   4.67667484      -75.5070190    
   3.89802790      -56.7691727    
   12.1340904      -26.0616684    
   2.27463698       100.547180    
  0.499689311       52.3567352    
   4.32262897      -73.5946350    
   1.15927696       100.027863    
   1.87308896       113.979630    
