 Input,Hidden,Output
           1           7           1
 Weight_input-hidden:
        8.335950        3.741417        1.655415       -7.166001
        3.198605        4.557605        3.641155
       17.921500        1.671291        1.047079       17.570870
        1.322267        1.400700   -1.816809E-01
 Weight_hidden-output:
   -6.376367E-01
        1.671619
   -3.776527E-01
       -1.980661
        1.406378
       -1.111729
        1.321299
    8.031663E-01
 min_in:
    4.475697E-01
 Max_in:
        9.796044
 min_out:
        1.214074
 Max_out:
        7.789632
