        6.787440        5.387376
        4.372110        4.704873
        6.252398        4.565079
        4.211653        4.724368
        5.806860        4.480284
        9.624899        7.464338
        7.066678        6.248413
        6.430859        4.707847
        9.340485        7.481580
        8.499087        7.528834
        1.602499        1.360992
        2.914639        2.718230
    7.286105E-01        1.551865
        5.890437        4.479970
        1.526707        1.373357
        5.051055        4.582839
        2.915599        2.721745
        4.109989        4.730753
        3.990656        4.728575
        6.678914        5.115608
        5.492148        4.509576
        4.313864        4.712945
        6.226122        4.551566
    5.273373E-01        1.604198
        8.605959        7.524547
        7.945200        7.499656
    4.475697E-01        1.625513
        7.803257        7.455543
        3.409873        4.288596
        2.006416        1.337844
        9.796044        7.454281
        5.643499        4.491364
        3.340605        4.141214
        3.044311        3.204822
        9.018891        7.501452
        4.263833        4.719042
    4.769304E-01        1.617630
        5.364025        4.528636
        3.346466        4.154813
        3.784672        4.682444
